0000000000000000000100001011111111110101
0000101110100010000100010101000000101010
0000001111111000000100000000000000000001
1000000010101010000111010000101010010101
0000000001110100000100000111010101000000
0000100000000000101000010101000000000101
0000101111111111010100000001010100011101
0000000001010100000010101000001010100000
1000000000001010100111000101010111111111
0000001111111000101010111000101010001001
0000100000100000000000101000010000000000
0000100000000100000000000101000010000000
0000001110001000000000001010000101111111
1000000001000000000001010000101110010100
0000000001000000000001010000100000000000
0000100000111111110101010100000011000000
0000100001000000000001010000100000000000
0000001111100010000000000010100001011111
1000001101010101000001011110010101000000
0000000001000000000001010000100000000000
0000100001000000000001010000100000000000
0000001111100010000000000010100001011111
1000001101010101000001011110010101000000
0000000001000000000001010000100000000000
1000000000001010000100000000000111111111
0000001111100010000000000010100001011111
1000001101010101000001011110010101000000
0000000001000000000001010000100000000000
0000100000100000000000101000010000000000
0000100000000100000000000101000010000000
0000001110001000000000001010000101111111
1000000001000000000001010000101110010100
0000000001000000000001010000100000000000
0000100000111111110101010100000011000000
0000100001000000000001010000100000000000
0000001111100010000000000010100001011111
1000001101010101000001011110010101000000
0000100000100000000000101000010000000000
0000100000000100000000000101000010000000
0000001110001000000000001010000101111111
00010000100001010100
00000000000000000000
00000000000000000000
00000000000000000000
01100110001100000001
00000000000000000000
10011000010001100110
10011000010001100110
10001000010000100010
00011101100011101111
00101010000100100010
00010010000001000100
10000010010000010000
01010010001001000100
00001010000000110010
00010010000001000100
00000010000000000000
00000010000000000000
00000000000000000000
00000010000000010000
